INFO: 2023-11-16 23:03:01,771: Data
INFO: 2023-11-16 23:03:01,773: Data shape (110527, 14)
INFO: 2023-11-16 23:03:01,796: Percentage of women: 0.653882342398853
INFO: 2023-11-16 23:03:01,813: Percentage of men: 0.346117657601147
ERROR: 2023-11-16 23:04:14,654: Data shape is incorrect!
